  BASIC	BALDR	BRACER	TRUST4	MIXCR	VDJpuzzle
BASIC	1	0.59	0.49	0.47	0.57	0.31
BALDR	0.59	1	0.39	0.35	0.49	0.31
BRACER	0.49	0.39	1	0.24	0.29	0.16
TRUST4	0.47	0.35	0.24	1	0.31	0.24
MIXCR	0.57	0.49	0.29	0.31	1	0.18
VDJpuzzle	0.31	0.31	0.16	0.24	0.18	1
