  BASIC	BALDR	BRACER	TRUST4	MIXCR	VDJpuzzle
BASIC	1	0.90	0.63	0.73	0.51	0.53
BALDR	0.90	1	0.63	0.73	0.53	0.33
BRACER	0.63	0.63	1	0.53	0.35	0.22
TRUST4	0.73	0.73	0.53	1	0.51	0.33
MIXCR	0.51	0.53	0.35	0.51	1	0.22
VDJpuzzle	0.53	0.33	0.22	0.33	0.22	1
