  BASIC	BALDR	BRACER	TRUST4	MIXCR	VDJpuzzle
BASIC	1	0.92	0.57	0.84	0.55	0.51
BALDR	0.92	1	0.55	0.82	0.55	0.45
BRACER	0.57	0.55	1	0.51	0.35	0.24
TRUST4	0.84	0.82	0.51	1	0.51	0.43
MIXCR	0.55	0.55	0.35	0.51	1	0.31
VDJpuzzle	0.51	0.45	0.24	0.43	0.31	1
