	BASIC	BALDR	BRACER	TRUST4	MIXCR	VDJpuzzle
BASIC	1.00	0.70	0.73	0.39	0.63	0.45
BALDR	0.70	1.00	0.88	0.55	0.66	0.23
BRACER	0.73	0.88	1.00	0.47	0.67	0.30
TRUST4	0.39	0.55	0.47	1.00	0.36	0.28
MIXCR	0.63	0.66	0.67	0.36	1.00	0.30
VDJpuzzle	0.45	0.23	0.30	0.28	0.30	1.00
